123admin
3
34681 miku 39
36581 syhien 123
36289 len 39
4
11 31 6 22 9 120 4 295 0 3 34681 36581 1
21 41 6 22 9 120 4 295 0 2 36581 34681 2
14 17 12 23 9 120 5 296 0 1 34681 36289 1
12 32 7 24 9 120 6 296 0 1 34681 36581 0
2
48 21 16 14 10 120 6 318 0 1 36581 34681 -1
32 32 32 32 32 32 32 32 32 32 32 32 32 32 32 32 32 32 32 32 32 32 32 32 32 32 32 43 45 32 32 32 32 32 43 43 43 43 32 32 32 32 32 32 45 32 32 32 32 32 32 32 32 32 32 32 32 32 32 32 32 32 32 32 
1
12 55 3 15 10 120 0 319 0 2 34681 36581 -1
43 45 43 32 32 32 32 32 45 43 32 32 32 32 32 32 43 32 45 32 32 32 32 32 32 43 45 32 32 32 32 32 32 32 32 32 32 32 32 32 32 32 32 32 32 32 32 32 32 32 32 32 32 32 32 32 32 32 45 32 32 32 32 32 
0